1.223578e-03
1.477529e-03
1.642431e-03
1.236771e-03
1.223578e-03
1.236770e-03
1.414865e-03
2.671424e-03
1.335712e-03
9.481907e-04
2.176716e-03
9.894163e-04
1.080113e-03
5.771595e-04
1.286241e-03
9.894163e-04
1.088358e-03
1.401673e-03
7.585525e-04
1.058675e-03
7.123797e-04
1.179879e-03
1.327467e-03
7.519564e-04
1.451144e-03
1.078464e-03
9.894163e-04
1.463512e-03
1.310977e-03
9.069649e-04
1.232648e-03
1.154319e-03
8.047252e-04
9.828201e-04
1.127935e-03
1.154319e-03
1.233802e-03
1.484124e-03
9.894162e-04
9.894162e-04
1.080113e-03
1.048781e-03
1.068569e-03
9.894162e-04
9.894162e-04
9.894162e-04
9.894162e-04
1.088358e-03
7.090816e-04
1.226876e-03
1.226876e-03
1.043010e-03
9.894162e-04
8.492489e-04
9.894161e-04
9.894161e-04
1.886487e-03
1.484124e-03
1.266453e-03
9.894161e-04
9.894161e-04
1.464336e-03
1.028993e-03
1.048781e-03
1.842787e-03
1.464336e-03
2.176715e-03
1.269751e-03
9.894160e-04
1.993673e-03
6.596107e-04
9.894160e-04
8.278114e-04
1.088358e-03
6.662068e-04
7.024854e-04
1.058675e-03
1.071867e-03
9.399452e-04
9.894160e-04
9.894160e-04
6.596107e-04
1.731478e-03
9.894160e-04
6.200340e-04
1.360447e-03
1.099901e-03
6.530145e-04
1.221929e-03
1.414865e-03
8.245133e-04
1.113093e-03
7.915328e-04
1.187299e-03
9.894159e-04
6.761009e-04
1.484124e-03
1.055377e-03
1.088358e-03
9.894159e-04
1.088358e-03
9.069646e-04
9.069646e-04
1.047132e-03
9.069646e-04
7.420619e-04
8.987194e-04
1.058675e-03
5.342846e-04
1.090831e-03
1.088357e-03
1.380565e-03
7.090814e-04
1.586363e-03
1.121338e-03
1.319221e-03
1.137828e-03
6.101398e-04
1.058675e-03
1.157617e-03
1.078463e-03
1.192411e-03
1.031301e-03
1.207087e-03
1.075990e-03
2.572481e-03
1.180703e-03
1.071867e-03
9.069645e-04
1.889784e-03
7.915326e-04
9.610525e-04
8.574937e-04
7.915326e-04
1.154318e-03
9.894157e-04
8.904742e-04
7.651482e-04
8.245131e-04
1.048781e-03
9.564352e-04
1.098251e-03
1.731478e-03
7.915326e-04
7.750423e-04
8.245131e-04
1.731477e-03
9.069644e-04
1.048781e-03
1.088357e-03
8.469398e-04
7.255715e-04
8.904741e-04
5.441786e-04
6.018945e-04
1.005906e-03
1.137828e-03
4.645307e-04
1.315923e-03
5.194432e-04
1.024045e-03
1.005906e-03
1.088357e-03
1.125460e-03
1.106496e-03
1.063622e-03
1.286240e-03
7.585520e-04
7.024851e-04
1.078463e-03
9.069643e-04
1.693385e-03
1.385182e-03
8.739838e-04
6.266299e-04
1.616045e-03
1.404970e-03
9.976607e-04
1.168335e-03
5.243903e-04
7.420617e-04
1.187299e-03
5.623178e-04
1.315923e-03
4.947078e-04
4.947078e-04
1.881539e-03
1.005906e-03
9.432428e-04
5.837552e-04
1.253260e-03
1.764458e-03
1.088357e-03
7.915324e-04
1.343956e-03
7.272204e-04
1.267441e-03
4.617272e-04
9.808406e-04
6.925908e-04
7.453597e-04
6.752761e-04
6.793986e-04
8.904739e-04
7.865853e-04
1.038886e-03
9.564350e-04
4.947077e-04
4.897607e-04
1.108145e-03
7.661374e-04
2.127243e-03
5.639668e-04
8.236884e-04
7.173262e-04
6.859947e-04
9.960115e-04
1.131561e-03
7.940059e-04
1.154318e-03
1.335711e-03
5.639668e-04
1.511497e-03
1.042349e-03
1.688602e-03
1.061973e-03
8.525463e-04
9.894154e-04
5.985963e-04
1.594113e-03
8.904738e-04
7.123791e-04
6.175601e-04
6.859947e-04
6.398219e-04
9.366465e-04
4.732703e-04
8.261618e-04
7.437105e-04
6.596102e-04
6.332258e-04
6.200336e-04
6.002453e-04
4.205015e-04
8.772816e-04
8.838777e-04
5.804570e-04
1.385181e-03
6.761005e-04
8.228637e-04
5.788080e-04
5.689138e-04
1.625939e-03
5.804570e-04
7.437105e-04
9.704515e-04
6.596102e-04
1.360446e-03
6.662063e-04
1.048780e-03
5.214219e-04
5.788079e-04
6.183846e-04
6.543333e-04
8.080225e-04
4.749193e-04
8.047244e-04
8.113205e-04
8.162676e-04
6.431199e-04
7.420615e-04
3.141394e-04
6.719779e-04
5.771589e-04
1.063621e-03
6.648871e-04
7.255712e-04
1.708390e-03
5.606686e-04
1.048780e-03
1.048780e-03
7.420614e-04
3.586630e-04
7.189751e-04
1.281293e-03
1.096602e-03
4.595834e-04
9.069640e-04
8.311088e-04
9.646798e-04
4.303956e-04
4.869572e-04
4.529873e-04
7.272202e-04
6.596101e-04
3.833984e-04
7.585517e-04
6.002452e-04
9.564347e-04
1.154318e-03
6.726374e-04
5.804569e-04
3.537159e-04
7.420614e-04
1.360446e-03
5.689137e-04
7.981283e-04
6.728023e-04
6.671956e-04
7.638285e-04
9.869416e-04
9.993093e-04
5.936491e-04
6.068413e-04
6.662062e-04
9.234542e-04
9.729249e-04
8.231934e-04
7.156770e-04
4.947076e-04
7.123789e-04
5.985962e-04
5.705627e-04
8.904736e-04
7.420614e-04
5.705627e-04
6.761004e-04
1.068568e-03
7.420614e-04
6.530140e-04
6.678552e-04
1.197192e-03
9.069639e-04
4.947076e-04
5.425293e-04
6.292680e-04
1.332412e-03
3.537159e-04
6.233315e-04
5.243900e-04
8.739834e-04
5.243900e-04
1.179383e-03
6.728023e-04
6.348747e-04
3.322786e-04
3.588279e-04
5.524234e-04
5.194429e-04
7.948301e-04
5.639666e-04
5.936491e-04
9.613817e-04
4.709616e-04
1.385181e-03
1.360446e-03
4.155543e-04
1.142774e-03
5.738607e-04
5.936490e-04
6.662061e-04
9.927131e-04
6.678552e-04
5.910106e-04
5.144958e-04
8.987187e-04
5.985961e-04
5.985961e-04
9.300502e-04
5.936490e-04
7.057827e-04
5.887020e-04
5.243900e-04
4.947075e-04
5.804568e-04
9.828189e-04
6.810474e-04
4.699721e-04
3.751532e-04
5.804568e-04
7.420613e-04
6.596100e-04
5.194429e-04
7.420613e-04
7.420613e-04
6.002451e-04
6.348746e-04
6.991866e-04
6.018941e-04
7.585515e-04
3.520668e-04
5.006440e-04
6.579610e-04
1.224236e-03
5.738607e-04
5.936490e-04
6.002451e-04
9.729248e-04
5.144958e-04
1.212033e-03
5.791376e-04
1.566574e-03
9.696267e-04
2.134498e-03
8.080222e-04
5.046016e-04
8.772813e-04
3.537158e-04
6.596100e-04
5.252144e-04
6.348746e-04
3.537158e-04
4.303955e-04
3.215599e-04
6.662061e-04
7.890584e-04
5.689136e-04
6.002451e-04
5.771587e-04
8.179164e-04
6.793983e-04
7.832868e-04
6.134373e-04
6.183843e-04
5.111977e-04
5.252144e-04
4.452367e-04
3.537158e-04
6.662061e-04
7.874094e-04
4.122562e-04
5.243899e-04
9.993091e-04
5.738607e-04
6.253102e-04
6.662060e-04
3.537158e-04
9.696266e-04
7.420612e-04
6.480668e-04
6.002450e-04
7.206239e-04
4.425983e-04
7.123787e-04
5.144958e-04
5.689136e-04
6.573013e-04
5.771587e-04
6.752757e-04
2.720891e-04
5.689136e-04
1.113092e-03
1.484122e-03
5.060857e-04
7.420612e-04
9.061391e-04
3.954361e-04
4.947074e-04
6.348745e-04
5.771587e-04
1.335710e-03
8.179163e-04
3.561894e-04
5.095487e-04
7.420612e-04
6.266294e-04
5.095487e-04
5.342840e-04
4.674985e-04
7.585514e-04
8.370450e-04
6.183843e-04
5.985960e-04
1.327465e-03
7.176556e-04
4.947074e-04
9.646795e-04
8.179163e-04
5.936489e-04
6.035431e-04
5.738606e-04
4.452367e-04
5.194428e-04
1.090830e-03
5.013035e-04
5.985960e-04
9.894148e-04
8.904733e-04
8.574928e-04
5.441782e-04
7.173257e-04
4.353425e-04
4.369915e-04
6.530138e-04
1.121337e-03
6.596099e-04
6.596099e-04
6.487263e-04
3.298049e-04
5.985960e-04
4.617269e-04
4.007130e-04
5.738606e-04
6.596099e-04
5.252144e-04
6.596099e-04
4.798662e-04
5.936489e-04
7.255708e-04
5.936489e-04
4.749191e-04
5.243898e-04
4.947074e-04
7.255708e-04
4.947074e-04
5.293369e-04
5.342840e-04
4.947074e-04
5.771586e-04
7.981279e-04
1.269749e-03
5.994205e-04
4.081336e-04
4.595832e-04
5.382416e-04
6.002450e-04
5.243898e-04
3.027609e-04
6.546628e-04
6.546628e-04
3.215598e-04
8.739830e-04
4.947074e-04
3.957659e-04
4.947074e-04
5.540723e-04
5.639664e-04
2.803342e-04
6.017291e-04
4.930584e-04
4.947074e-04
3.957659e-04
5.969469e-04
4.798662e-04
6.348745e-04
