0.000000e+00
-7.535892e-01
-3.880592e-01
-2.101747e-01
3.831756e-01
3.594403e-01
4.590710e-02
1.732596e-01
5.732126e-02
-2.147578e-01
2.510355e-01
2.010771e-01
2.570795e-01
6.159589e-01
-1.318933e+00
1.339624e+00
-7.015745e-01
3.844518e-01
-5.101223e-01
-4.477678e-02
1.303832e-01
1.251267e-01
-5.443347e-01
4.562354e-01
6.024667e-01
-1.194940e+00
1.063555e+00
5.025679e-01
1.540515e-01
-9.020790e-01
-4.189929e-01
4.673495e-01
9.690537e-02
-5.049102e-01
-2.479604e-01
2.675436e-01
-1.308352e+00
5.031731e-01
6.206516e-02
1.061019e-01
6.203978e-01
-7.586610e-01
3.108080e-01
2.085383e-01
-1.355348e-01
3.559415e-02
-5.391574e-01
8.532004e-01
-1.795192e+00
5.752738e-01
-7.716073e-02
-6.621334e-01
-8.112208e-01
6.661179e-01
9.385914e-02
6.620163e-01
-1.176237e+00
1.725173e-01
4.455446e-01
-2.780990e-01
-1.098478e-01
2.525233e-01
-1.465222e-01
1.639812e-01
-3.234844e-02
-1.731465e-01
-2.420777e-01
-4.201843e-01
-9.349280e-02
3.925087e-01
-4.897866e-01
9.930246e-02
-4.340867e-01
-3.633463e-01
1.322036e+00
2.498336e-01
2.301755e-02
6.165654e-01
8.454747e-04
-9.539967e-02
7.287793e-01
-2.024186e-01
-3.064033e-01
-7.828736e-01
6.692077e-01
-4.387064e-01
-6.278731e-01
8.866910e-01
8.628082e-02
7.244338e-01
6.117513e-01
2.283833e-01
-5.177272e-01
8.382705e-02
-3.905712e-01
-2.257650e-01
6.185701e-01
-7.382659e-02
1.060653e+00
-3.854330e-01
3.380651e-01
