0.000000e+00
-7.523572e-01
-3.882514e-01
-2.105495e-01
3.836725e-01
3.590920e-01
4.684732e-02
1.730238e-01
5.416517e-02
-2.146678e-01
2.495851e-01
2.031005e-01
2.577701e-01
6.133135e-01
-1.317549e+00
1.338334e+00
-7.015345e-01
3.837945e-01
-5.102400e-01
-4.465045e-02
1.296487e-01
1.251504e-01
-5.447334e-01
4.552517e-01
6.010195e-01
-1.193215e+00
1.063471e+00
5.040202e-01
1.538555e-01
-9.020377e-01
-4.180081e-01
4.684164e-01
9.723023e-02
-5.040863e-01
-2.501838e-01
2.682331e-01
-1.305082e+00
5.037123e-01
6.235323e-02
1.052506e-01
6.198133e-01
-7.585416e-01
3.103680e-01
2.080569e-01
-1.354428e-01
3.677648e-02
-5.398965e-01
8.516761e-01
-1.795332e+00
5.752795e-01
-7.686637e-02
-6.606680e-01
-8.114539e-01
6.648422e-01
9.350677e-02
6.618764e-01
-1.174752e+00
1.719468e-01
4.428881e-01
-2.775724e-01
-1.108276e-01
2.520456e-01
-1.464322e-01
1.628170e-01
-3.020217e-02
-1.716939e-01
-2.432315e-01
-4.202641e-01
-9.369154e-02
3.917936e-01
-4.892207e-01
1.002662e-01
-4.339439e-01
-3.630594e-01
1.323040e+00
2.499373e-01
2.274284e-02
6.136226e-01
1.212360e-03
-9.387019e-02
7.291346e-01
-2.022173e-01
-3.058829e-01
-7.830656e-01
6.698734e-01
-4.389226e-01
-6.282095e-01
8.880776e-01
8.738289e-02
7.240540e-01
6.105316e-01
2.276653e-01
-5.177109e-01
8.462562e-02
-3.900231e-01
-2.264805e-01
6.182583e-01
-7.351453e-02
1.060566e+00
-3.851895e-01
3.379915e-01
