0.000000e+00
-1.343921e+00
2.886903e+00
1.559311e+00
6.303168e-01
-3.621433e-01
-9.396930e-01
-2.908472e+00
-1.864833e-01
2.183272e+00
2.386990e+00
-7.558677e-01
-2.439333e-01
1.764407e+00
-1.185620e+00
1.061857e+00
1.646598e-01
-1.330969e+00
-6.890554e-01
6.439293e-01
1.905891e+00
1.498453e+00
1.649007e+00
3.579760e-01
-1.830079e+00
4.035483e-01
5.806837e-01
1.841176e+00
-5.443334e-01
2.672146e-01
1.423374e-01
-2.347327e-01
-5.597294e-01
-3.524952e-01
-2.154989e+00
3.837894e-01
1.783870e+00
4.254501e+00
5.712236e-02
-1.058150e+00
-8.804175e-01
1.328016e-02
2.281604e+00
-9.130642e-01
-5.506570e-01
3.293882e-01
2.271190e+00
-2.755202e+00
3.284466e+00
-1.145766e+00
4.663547e+00
6.571370e-01
1.266713e-01
4.337484e-01
1.419285e+00
-4.563270e-01
-9.301092e-01
1.629995e+00
9.175126e-01
-2.841941e+00
-1.139111e+00
1.130312e+00
5.384644e-01
-2.268027e-01
-2.724404e+00
-3.595669e+00
-1.896009e+00
-1.318699e+00
-5.775102e-01
1.758724e+00
1.293102e+00
1.395403e+00
-3.757277e+00
1.774834e+00
2.089802e+00
1.763930e+00
7.043091e-01
-1.747899e+00
-3.176311e+00
-2.189299e-01
-7.120342e-01
-1.175685e+00
-1.116328e+00
9.366263e-01
-1.644406e+00
2.580560e+00
3.111773e+00
-2.540355e+00
-3.510689e-01
-9.358464e-02
2.155138e+00
2.090674e-01
1.867727e+00
7.045321e-01
-6.696294e-01
-2.336903e-01
-8.530123e-01
9.008954e-01
-2.206875e+00
1.111500e+00
3.227849e+00
-8.910726e-01
-1.892346e+00
-3.210297e-01
-2.486636e-02
6.025813e-01
-1.821873e+00
-2.024206e+00
-3.987305e+00
1.509579e+00
-9.344138e-01
-1.226012e+00
1.624054e+00
1.439013e+00
-8.593463e-01
-2.209856e+00
-5.151464e-01
2.024962e+00
1.187715e+00
-1.370671e+00
4.260197e-01
-9.450857e-01
-2.760514e-01
8.921325e-01
-1.468931e+00
2.089114e+00
-1.830279e+00
-2.215410e+00
6.906328e-01
1.087570e-01
3.889095e-01
3.633686e+00
-1.964955e+00
2.406307e-02
1.898611e+00
-1.515733e-01
-9.385761e-01
-1.138790e+00
1.326065e+00
-2.195531e-01
1.113803e+00
2.694397e-01
-1.836270e+00
1.160041e+00
1.605881e+00
-1.662124e+00
9.639531e-01
-2.783164e+00
-1.699580e+00
6.675890e-01
-2.301031e+00
-2.070476e+00
-3.128686e+00
-4.295017e+00
2.453623e+00
-1.228594e+00
1.233197e+00
-1.285103e+00
2.124478e+00
-1.392800e+00
2.101270e+00
-5.153820e-01
-4.000498e-01
1.571336e-01
-1.211872e+00
-1.924948e+00
-3.193734e-01
8.946629e-01
1.982043e+00
-1.852132e-01
5.827321e-02
1.936542e+00
-1.957001e+00
-1.446375e-01
6.108952e-01
-1.274992e+00
1.815532e-01
-4.190825e+00
-2.934140e+00
2.382198e+00
-2.228902e+00
7.498006e-01
-1.404866e-01
-1.895521e+00
3.473098e+00
1.276904e+00
-3.848913e-01
-1.789398e+00
8.180635e-01
-1.694862e+00
-9.393242e-01
-1.274220e+00
-7.735528e-01
3.179947e-01
1.817255e+00
2.933476e-02
2.220082e-01
3.216244e-01
4.412557e+00
1.980253e-01
9.095721e-01
1.097314e+00
1.307303e+00
-1.795175e+00
1.258238e+00
-1.508441e+00
1.631226e+00
-1.728037e-01
-1.962762e+00
-2.130430e+00
-4.067586e-01
5.658942e-01
3.800207e-01
6.781843e-02
5.881273e-01
3.666670e+00
7.406391e-01
8.726853e-01
1.998398e+00
-1.720088e-02
-8.619429e-01
-1.357527e+00
1.097454e+00
7.190158e-01
-4.331221e-02
-8.126501e-01
3.068626e-01
9.262455e-01
2.543280e+00
7.248283e-02
9.835110e-01
-2.243690e+00
7.956951e-01
3.290953e+00
1.756120e+00
-6.968992e-01
-6.794876e-01
1.738067e-01
2.277721e-01
-1.247856e+00
-4.209848e-01
8.293423e-01
-8.164246e-01
-5.143804e-01
6.458244e-01
-3.024476e+00
1.772723e+00
1.614870e+00
-1.462076e+00
-1.949676e+00
1.616818e+00
-1.412774e+00
6.746431e-02
2.654375e-01
7.010165e-01
-1.295066e-01
4.462715e+00
-3.848667e+00
-3.292774e-01
3.958598e+00
1.055674e+00
6.254943e-02
-2.694284e+00
-1.079313e+00
1.728944e+00
-2.679275e+00
2.591874e-01
1.205678e-01
-1.374883e-01
1.313508e+00
-1.254912e+00
-1.983692e+00
-6.632160e-01
9.387351e-02
6.671701e-01
1.937584e+00
-1.750434e+00
-2.799971e+00
2.510298e+00
-4.100891e-02
-6.077396e-01
3.407726e-01
1.314293e+00
-1.204545e+00
2.349483e+00
1.648292e+00
-2.772836e-02
1.431283e-01
3.241474e+00
-1.313090e+00
-8.548369e-01
5.837164e-01
-1.128304e+00
2.253190e+00
-6.483011e-01
-1.085800e+00
3.320126e+00
6.045283e-01
1.654684e+00
-2.254473e+00
2.460328e+00
-2.762526e+00
2.297560e+00
5.691815e+00
-1.057567e+00
-1.919296e+00
3.116532e+00
1.600998e+00
-3.243491e+00
3.056257e-02
-1.755167e+00
1.301651e+00
-2.386130e-01
6.777597e-01
-1.159424e+00
1.047251e+00
3.869052e+00
-2.241331e+00
-7.957221e-02
4.060023e-01
2.950059e+00
1.218156e+00
-9.461494e-01
-1.760184e-01
-1.929091e-01
-7.084667e-01
1.373990e-01
-1.020528e+00
3.236922e-01
1.621543e+00
-7.539672e-02
2.337648e+00
-7.317670e-01
-9.403727e-01
7.810958e-01
4.592568e-02
-4.065167e+00
-3.826008e-01
1.383366e+00
-3.483303e-01
1.102974e+00
6.820747e-01
-8.932317e-01
3.117241e+00
1.330751e+00
2.246306e+00
-1.383682e+00
1.337360e+00
-1.396316e-01
-5.757198e-01
-2.300713e+00
1.337892e-01
-9.635498e-01
1.429804e+00
-3.789240e-01
1.558128e+00
-2.234915e-01
-1.088702e+00
-1.194552e+00
1.797678e-01
2.858501e+00
9.223248e-01
9.641224e-01
-1.470747e+00
-5.998906e-01
-6.936536e-01
-3.679914e-01
-2.254201e+00
-1.068438e+00
-2.383555e-02
-2.356393e+00
-4.247529e-01
-8.616858e-02
1.770097e+00
8.320020e-02
1.341703e+00
-3.609778e+00
4.002894e+00
-2.410608e+00
8.618033e-01
5.272082e-01
5.970127e-01
7.909449e-01
5.072275e-01
-1.122405e+00
3.487101e-01
1.313877e+00
-2.506180e-01
-7.900595e-01
-7.583785e-01
-1.126191e+00
-5.314394e-01
-6.667224e-01
1.213943e+00
1.079067e+00
6.881704e-01
1.614820e-01
1.323733e+00
1.444882e+00
-2.595493e+00
-2.962723e+00
-4.338945e-01
-1.888619e-01
-2.424786e+00
-9.219856e-01
8.808266e-01
5.915630e-01
2.162278e+00
8.938226e-01
-1.781534e+00
-1.616803e+00
-1.330352e+00
1.246444e+00
-3.824313e+00
2.151657e+00
-1.266244e+00
1.365070e-01
1.922555e+00
1.830100e+00
2.037473e+00
-2.524683e+00
-1.042947e-01
-1.920374e+00
-3.015665e-01
-1.435975e-01
7.658389e-01
-3.890950e-02
-1.279612e+00
4.573362e-01
-1.876942e-01
9.660274e-01
-1.950113e+00
5.517767e-01
1.342185e+00
-1.405592e+00
-2.634079e-01
-1.120742e-01
2.444577e+00
-1.698026e+00
-7.659816e-01
-2.789043e+00
-9.494982e-01
-1.583823e+00
3.792530e-01
1.886309e+00
-2.008630e+00
-6.571943e-01
1.224791e+00
-5.961066e-01
-1.376062e+00
4.250048e+00
3.318461e+00
-7.671384e-02
1.925670e-01
-1.320973e+00
2.630200e-01
-2.591366e-03
2.611135e+00
-8.760081e-01
1.419407e+00
-1.672155e+00
6.000837e-01
3.911558e+00
-7.126443e-01
1.782518e+00
-6.645108e-03
-1.970989e+00
-1.619129e+00
-2.793270e+00
3.204526e-01
4.572800e-01
1.465721e+00
-1.247082e+00
-1.177743e+00
-1.810411e+00
-1.914490e+00
1.513655e+00
1.869573e+00
2.446434e-01
1.541212e+00
-1.429183e+00
-1.669959e+00
6.690979e-01
-6.061598e-01
-3.964969e-01
1.450330e+00
8.251095e-01
-3.272724e-01
-2.003387e+00
-1.508369e+00
2.728556e+00
6.807975e-01
-2.980562e+00
-2.031790e+00
4.108330e-01
-4.467093e-01
-1.597626e+00
2.491095e+00
-2.682666e-01
2.871355e-01
-1.406007e+00
-7.497013e-01
6.893294e-01
-2.659852e-01
1.658888e+00
-2.401992e+00
8.344560e-01
-8.740053e-01
1.635441e+00
2.438588e+00
1.777600e+00
-7.261360e-02
-2.207702e+00
-6.762650e-01
-6.245028e-01
-1.224552e+00
1.957947e+00
-1.101223e+00
-5.003409e-01
7.799309e-03
-6.642625e-01
5.054860e-01
-5.290615e-01
-4.760974e-01
1.918211e+00
-1.943839e+00
-6.486218e-01
3.885962e-01
1.521120e+00
1.460168e-02
3.554925e+00
7.221880e-01
2.352752e-01
1.824085e+00
1.271855e+00
-1.966453e+00
1.790076e+00
-1.469437e+00
-6.607467e-01
3.433974e-02
-6.743233e-01
2.244258e+00
-1.482300e+00
-3.762756e-02
-1.757378e+00
-2.379509e+00
-8.618646e-01
9.274046e-01
3.870458e-01
-2.910367e-01
1.503803e+00
-8.132133e-02
1.004872e+00
-3.431807e+00
-1.215728e+00
-1.712067e+00
-3.779749e-01
-1.818635e+00
1.420509e+00
-5.827476e-01
5.659312e-01
-4.027333e-01
1.708712e-01
9.200835e-02
9.468759e-01
-1.824578e+00
2.070875e+00
-6.351072e-01
-1.095611e+00
9.884476e-02
5.802996e-01
-2.432881e+00
-1.242638e+00
-2.857684e-01
-2.019413e-01
1.063154e+00
1.538353e+00
2.262454e+00
6.229752e-01
-7.903405e-01
-2.893463e+00
4.281016e-01
-3.485602e+00
-8.853386e-01
-1.767800e+00
1.723347e+00
4.388622e-01
1.293349e+00
-5.252642e-01
2.318535e+00
-1.875262e+00
-2.796080e+00
7.817361e-01
-2.445621e+00
5.923711e-01
-2.091219e+00
2.599165e+00
-8.481285e-01
1.019733e+00
-7.022143e-01
2.716497e+00
