0.000000e+00
-1.344052e+00
2.888868e+00
1.559171e+00
6.301177e-01
-3.624680e-01
-9.420480e-01
-2.909804e+00
-1.871578e-01
2.183186e+00
2.388508e+00
-7.561210e-01
-2.435747e-01
1.766694e+00
-1.185495e+00
1.061847e+00
1.661334e-01
-1.332913e+00
-6.904609e-01
6.460056e-01
1.906025e+00
1.496661e+00
1.649784e+00
3.580560e-01
-1.830025e+00
4.045205e-01
5.809348e-01
1.842116e+00
-5.450162e-01
2.662764e-01
1.416498e-01
-2.352851e-01
-5.591425e-01
-3.527351e-01
-2.156422e+00
3.841662e-01
1.783871e+00
4.255575e+00
5.628665e-02
-1.058517e+00
-8.788738e-01
1.463452e-02
2.283160e+00
-9.145747e-01
-5.513027e-01
3.301330e-01
2.271435e+00
-2.757786e+00
3.284533e+00
-1.145178e+00
4.665384e+00
6.572518e-01
1.282343e-01
4.347415e-01
1.419025e+00
-4.569202e-01
-9.300985e-01
1.631019e+00
9.166621e-01
-2.844370e+00
-1.140622e+00
1.130274e+00
5.383660e-01
-2.262606e-01
-2.725965e+00
-3.596804e+00
-1.896828e+00
-1.318883e+00
-5.786721e-01
1.758972e+00
1.292679e+00
1.395615e+00
-3.759224e+00
1.776137e+00
2.090606e+00
1.763473e+00
7.054832e-01
-1.749121e+00
-3.180023e+00
-2.177407e-01
-7.141287e-01
-1.176212e+00
-1.116040e+00
9.359078e-01
-1.644714e+00
2.581936e+00
3.112805e+00
-2.542634e+00
-3.510249e-01
-9.283150e-02
2.155652e+00
2.087981e-01
1.868007e+00
7.055156e-01
-6.700807e-01
-2.338231e-01
-8.541550e-01
9.015357e-01
-2.207286e+00
1.113100e+00
3.228678e+00
-8.912332e-01
-1.892719e+00
-3.220962e-01
-2.593916e-02
6.020327e-01
-1.821890e+00
-2.026101e+00
-3.988849e+00
1.512308e+00
-9.339886e-01
-1.225143e+00
1.625054e+00
1.440486e+00
-8.599288e-01
-2.209610e+00
-5.166381e-01
2.025763e+00
1.188239e+00
-1.371167e+00
4.271587e-01
-9.443512e-01
-2.759712e-01
8.914459e-01
-1.470214e+00
2.089613e+00
-1.830897e+00
-2.217086e+00
6.902435e-01
1.078813e-01
3.885248e-01
3.634858e+00
-1.965932e+00
2.298825e-02
1.901145e+00
-1.526782e-01
-9.395964e-01
-1.138590e+00
1.325451e+00
-2.209056e-01
1.117282e+00
2.708927e-01
-1.837724e+00
1.159768e+00
1.606632e+00
-1.662486e+00
9.637288e-01
-2.783703e+00
-1.702093e+00
6.681798e-01
-2.302754e+00
-2.070522e+00
-3.131265e+00
-4.297443e+00
2.454572e+00
-1.228625e+00
1.234507e+00
-1.284283e+00
2.126121e+00
-1.392914e+00
2.102996e+00
-5.156186e-01
-4.010339e-01
1.568553e-01
-1.212386e+00
-1.926906e+00
-3.184885e-01
8.961962e-01
1.983492e+00
-1.861052e-01
5.929043e-02
1.937282e+00
-1.957377e+00
-1.440947e-01
6.113642e-01
-1.275846e+00
1.825758e-01
-4.192224e+00
-2.934668e+00
2.381764e+00
-2.229677e+00
7.509305e-01
-1.399106e-01
-1.895943e+00
3.474772e+00
1.276842e+00
-3.858303e-01
-1.790976e+00
8.189886e-01
-1.696782e+00
-9.399991e-01
-1.275321e+00
-7.738716e-01
3.198480e-01
1.817618e+00
2.838905e-02
2.225903e-01
3.220107e-01
4.414876e+00
1.983090e-01
9.109669e-01
1.097125e+00
1.308970e+00
-1.796332e+00
1.257730e+00
-1.510249e+00
1.632025e+00
-1.720538e-01
-1.962701e+00
-2.130525e+00
-4.066626e-01
5.676467e-01
3.806220e-01
6.843583e-02
5.886534e-01
3.668551e+00
7.401252e-01
8.754680e-01
2.000316e+00
-1.705359e-02
-8.616059e-01
-1.358012e+00
1.097293e+00
7.187026e-01
-4.316345e-02
-8.145446e-01
3.063248e-01
9.275491e-01
2.544199e+00
7.390095e-02
9.833360e-01
-2.244348e+00
7.963759e-01
3.293379e+00
1.757427e+00
-6.993476e-01
-6.796080e-01
1.747897e-01
2.276773e-01
-1.247932e+00
-4.203642e-01
8.289251e-01
-8.175063e-01
-5.153024e-01
6.462107e-01
-3.026022e+00
1.773870e+00
1.616068e+00
-1.462032e+00
-1.950226e+00
1.616677e+00
-1.413852e+00
6.766490e-02
2.655898e-01
7.029140e-01
-1.290766e-01
4.465269e+00
-3.849271e+00
-3.293975e-01
3.961047e+00
1.055583e+00
6.346666e-02
-2.694885e+00
-1.080741e+00
1.729404e+00
-2.681642e+00
2.603180e-01
1.196092e-01
-1.377984e-01
1.314308e+00
-1.255355e+00
-1.985063e+00
-6.618230e-01
9.219552e-02
6.668748e-01
1.940019e+00
-1.751796e+00
-2.801590e+00
2.512470e+00
-4.041375e-02
-6.067854e-01
3.396402e-01
1.314189e+00
-1.204783e+00
2.350749e+00
1.648470e+00
-2.870525e-02
1.428394e-01
3.243843e+00
-1.316451e+00
-8.554940e-01
5.833015e-01
-1.129226e+00
2.253834e+00
-6.482042e-01
-1.084627e+00
3.320887e+00
6.057222e-01
1.655352e+00
-2.256873e+00
2.462284e+00
-2.764136e+00
2.298315e+00
5.693705e+00
-1.057879e+00
-1.920932e+00
3.116239e+00
1.602619e+00
-3.244483e+00
3.027211e-02
-1.756966e+00
1.303853e+00
-2.390424e-01
6.771823e-01
-1.160007e+00
1.048547e+00
3.871138e+00
-2.242231e+00
-7.906598e-02
4.052653e-01
2.952749e+00
1.220389e+00
-9.442865e-01
-1.771208e-01
-1.911727e-01
-7.085199e-01
1.382368e-01
-1.021234e+00
3.236611e-01
1.622196e+00
-7.661153e-02
2.339277e+00
-7.330903e-01
-9.415175e-01
7.816679e-01
4.563576e-02
-4.066820e+00
-3.833227e-01
1.384591e+00
-3.494153e-01
1.103641e+00
6.814549e-01
-8.951217e-01
3.118638e+00
1.331771e+00
2.247328e+00
-1.385029e+00
1.338695e+00
-1.392201e-01
-5.771438e-01
-2.301017e+00
1.336547e-01
-9.642325e-01
1.428515e+00
-3.793110e-01
1.558791e+00
-2.219175e-01
-1.089796e+00
-1.196047e+00
1.802133e-01
2.860398e+00
9.220101e-01
9.644275e-01
-1.472371e+00
-5.996908e-01
-6.950015e-01
-3.679620e-01
-2.255983e+00
-1.069679e+00
-2.476800e-02
-2.358210e+00
-4.237569e-01
-8.717461e-02
1.770216e+00
8.432606e-02
1.343099e+00
-3.612539e+00
4.003753e+00
-2.411607e+00
8.617830e-01
5.280513e-01
5.968859e-01
7.915613e-01
5.068560e-01
-1.123093e+00
3.485025e-01
1.314254e+00
-2.505683e-01
-7.918324e-01
-7.597447e-01
-1.125014e+00
-5.323648e-01
-6.668503e-01
1.213828e+00
1.080186e+00
6.896433e-01
1.621236e-01
1.323973e+00
1.444558e+00
-2.595920e+00
-2.964047e+00
-4.339881e-01
-1.888940e-01
-2.427012e+00
-9.229402e-01
8.799968e-01
5.914680e-01
2.163730e+00
8.932787e-01
-1.783043e+00
-1.619333e+00
-1.330887e+00
1.247399e+00
-3.825986e+00
2.152617e+00
-1.266086e+00
1.373935e-01
1.922656e+00
1.832117e+00
2.038126e+00
-2.527016e+00
-1.058274e-01
-1.921060e+00
-3.029690e-01
-1.425110e-01
7.665331e-01
-3.909375e-02
-1.277637e+00
4.573550e-01
-1.865833e-01
9.671297e-01
-1.949721e+00
5.535392e-01
1.340522e+00
-1.404292e+00
-2.633663e-01
-1.122864e-01
2.447228e+00
-1.698256e+00
-7.666600e-01
-2.791164e+00
-9.494479e-01
-1.583810e+00
3.813084e-01
1.887195e+00
-2.008880e+00
-6.575047e-01
1.225727e+00
-5.956128e-01
-1.375365e+00
4.252739e+00
3.320171e+00
-7.608671e-02
1.931697e-01
-1.320465e+00
2.634946e-01
-9.819347e-04
2.611441e+00
-8.776693e-01
1.420606e+00
-1.671073e+00
6.004348e-01
3.912663e+00
-7.121787e-01
1.783737e+00
-6.106369e-03
-1.971418e+00
-1.620228e+00
-2.795204e+00
3.199649e-01
4.581802e-01
1.465977e+00
-1.246244e+00
-1.177860e+00
-1.811204e+00
-1.915772e+00
1.513822e+00
1.870427e+00
2.438672e-01
1.542372e+00
-1.429840e+00
-1.670062e+00
6.693555e-01
-6.074728e-01
-3.971409e-01
1.450329e+00
8.248131e-01
-3.272486e-01
-2.004889e+00
-1.510650e+00
2.728913e+00
6.820702e-01
-2.984013e+00
-2.032838e+00
4.101045e-01
-4.472492e-01
-1.597375e+00
2.493174e+00
-2.686396e-01
2.879288e-01
-1.406114e+00
-7.500663e-01
6.895069e-01
-2.655354e-01
1.658283e+00
-2.403622e+00
8.357606e-01
-8.735518e-01
1.635886e+00
2.440002e+00
1.778201e+00
-7.263187e-02
-2.208478e+00
-6.766138e-01
-6.263705e-01
-1.223291e+00
1.958854e+00
-1.102445e+00
-5.009317e-01
8.268085e-03
-6.647263e-01
5.038940e-01
-5.291476e-01
-4.772413e-01
1.919177e+00
-1.943682e+00
-6.491971e-01
3.882748e-01
1.521024e+00
1.324158e-02
3.558450e+00
7.226089e-01
2.356918e-01
1.825225e+00
1.274512e+00
-1.967426e+00
1.790587e+00
-1.469809e+00
-6.613578e-01
3.523422e-02
-6.750091e-01
2.246685e+00
-1.484477e+00
-3.592425e-02
-1.759644e+00
-2.380302e+00
-8.638348e-01
9.283234e-01
3.880348e-01
-2.908024e-01
1.501639e+00
-8.241492e-02
1.005916e+00
-3.434360e+00
-1.217569e+00
-1.712856e+00
-3.795765e-01
-1.818457e+00
1.422817e+00
-5.831734e-01
5.658793e-01
-4.031834e-01
1.716594e-01
9.185848e-02
9.485398e-01
-1.825942e+00
2.070390e+00
-6.361365e-01
-1.094786e+00
9.762915e-02
5.818884e-01
-2.434009e+00
-1.243414e+00
-2.867469e-01
-2.001416e-01
1.062779e+00
1.538775e+00
2.263899e+00
6.236219e-01
-7.901593e-01
-2.894823e+00
4.290600e-01
-3.486914e+00
-8.865039e-01
-1.767843e+00
1.726321e+00
4.390144e-01
1.295717e+00
-5.248450e-01
2.319163e+00
-1.876302e+00
-2.798640e+00
7.838697e-01
-2.446639e+00
5.936573e-01
-2.090303e+00
2.600466e+00
-8.495426e-01
1.018503e+00
-7.017422e-01
2.717828e+00
